407
408
409
410
411
412
415
416
417
418
419
439
441
443
747
749
1143
1165
1167
1183
1185
1789
1790
1791
1792
1793
1794
2057
2058
2059
2060
2061
2062
2066
2075
2847
2848
2849
2850
2851
2965
2966
2967
2968
2969
2970
3132
3134
3136
3142
3144
3422
3423
3424
3425
3426
3427
3428
3598
3687
4271
4272
4273
4274
4275
4276
4277
4325
4327
4745
4759
4761
4765
4767
4769
4773
4775
4947
4948
4949
4950
5005
5006
5007
5008
5009
5010
5011
5073
5074
5075
5076
5077
5090
5359
5361
5699
5822
5823
5824
5825
5826
5827
5828
5847
5848
5849
5850
5990
5992
5994
6275
6363
6364
6365
6366
6367
6368
6369
6701
6890
6891
6892
6893
6894
7332
7334
7342
7444
7447
7481
7499
7625
7631
7633
7641
7668
7669
7792
7949
7950
8075
8077
8083
8085
8089
8093
8310
8693
8699
8960
9087
9089
9094
9267
9269
9273
9275
9281
9440
9441
9443
9447
9448
9449
9450
9451
9592
9598
9739
9741
9743
9889
9891
10024
10040
10042
10043
10189
10191
10193
10199
10201
10348
10349
10350
10773
10775
10777
10781
10783
10785
10797
10798
10799
10800
10801
10910
10948
10949
11099
11305
11306
11307
11308
11309
11310
11389
11391
11393
11397
11398
11399
11400
11401
11645
11691
11693
11699
11839
11841
12440
12442
12444
12448
12450
12565
12567
12569
12583
12589
12591
12597
12598
12599
12600
12601
12707
12708
12709
12710
12711
12712
12725
12733
12739
12740
12741
12742
12743
12744
12747
12748
12749
13039
13040
13041
13043
13048
13049
13167
13173
13175
13341
13347
13349
13489
13490
13491
13492
13493
13495
13886
13887
13888
13889
13890
13891
13940
13946
13947
13948
13949
13950
13951
14224
14230
14236
14248
14250
14380
14381
14382
14383
14384
14385
14386
14525
14533
14539
14541
14547
14548
14549
14550
14689
14691
14693
14847
14849
14850
16294
16489
16491
16631
16633
16639
17085
17091
17982
