2
51
142
147
176
188
225
324
342
425
447
485
486
592
638
651
654
675
791
815
900
902
954
955
964
982
1022
1026
1027
1029
1046
1047
1064
1129
1133
1142
1164
1172
1199
1243
1245
1247
1250
1265
1270
1272
1273
1295
1304
1320
1322
1379
1383
1389
1406
1423
1428
1441
1575
1576
1706
1742
1763
1767
1774
1882
1908
1982
1986
2006
2026
2067
2071
2081
2106
2161
2165
2184
2193
2202
2206
2254
2262
2291
2302
2304
2307
2384
2392
2395
2410
2505
2522
2524
2584
2590
2591
2682
2843
2930
3107
3168
3254
3261
3680
3691
3710
3719
3728
3747
3770
3841
3949
3985
4014
4020
4042
4044
4048
4051
4054
4058
4066
4080
4122
4125
4168
4172
4327
4442
4443
4445
4446
4450
4462
4466
4468
4474
4507
4544
4565
4570
4608
4633
4640
4793
